-24601483,0,-1,-1,18,6,20,11111101111011111111
RELATIONCAT,6,18,4,4,20
ATTRIBUTECAT,6,13,5,78,20
Students,4,7,7,7,31
Events,3,300,9,7652,41
Locations,2,115,8,7653,61
Participants,2,500,7654,7662,61
NULL,2,500,7654,7662,61
Organizers,2,100,14,32,61
partiEvents,4,500,46,62,31
AudiPeople,2,39,34,34,61
MiniEventPeople,2,130,40,42,61
NULL,2,130,40,42,61
partThomas,2,35,104,104,61
Contact,3,500,89,101,41
S11_Students,2,17581,142,430,61
S11_9_Students,2,3505,1415,1478,61
Numbers,1,166464,431,2329,118
S11_c_Students,1,679,1421,1426,118
BigNumbers,1,1464,7637,7649,118
EventLocations,1,259,23,25,118
